773090942349938688
641196792525160448
295840872384323584
803546578510233601
748810911943577600
319019170694037505
753884454758723584
760407298426691584
781788200675057664
357069071419838465
293668941346267136
329165176798593024
713296919695532032
713296919695532032
269386855445827584
248352694274772992
244003507286454272
804527262037065728
804617857057361921
805317493719961600
805840917232058373
805106072314933248
805000369348681729
804960113740091392
804778928523055104
804643033245421568
805408064895643648
805367817503735812
804683285712502784
806082506776780800
804407470584111105
804632948054118400