790662353356328961
805236427915218944
799760832405999616
799030579945754624
792537766332624896
790272843921620992
798871534786015236
797898114208145409
791888483900153856
800892573086674944
792695819661172736
793851434492104704
805417633218760704
795482166532722695
804013375680299009
802201440324386816
790544629397647360
803454708207718400
804669763788083200
799233918306291712
803431789700272128
793102652011839489
799337358546059264
802685920340217856
804518969344397313
795459261660794881
794626275969273856
805606122715389952
805584992533413888
790733121205469184
803048313104859136
802236427316539392
799083140409163776
801961097129496576
798283622671327233
803323585112801281
804860292119351296
792436845485428736
797995976124297217
805531379077353473
798646013493919744
805243736422838273
793102652011839489
683030776116555777
748680301048655872
743262332722225153
591482221787095041
591361190263132160
704456644516814848
660792844412706820
655987250086453248
788487579347935232
792055983442890752
750492246802329602
762468884486107137