806669460182474752
806574888907665408
806258357086650369
806231663424503808
806122048774963200
805919450981695489
805821085514170368
805792780261978112
805653438159867904
804933837188976640
806629048805969926
806589902062284801
806612100160323584
806602441802256384
806229865267687424
805966688961331202
806184504759029760
804188486857326592
805946764431949825
805894861169692672
805481231785676800
805284113741729792
804805182538313729
804432339640037376
804326200424497152
804331783240171520
804303887532486656
803835461089325056
803943355423989762
803061839596638209
803020304326922241
802277201341136896
801242968673947648
802225368669294592
801966623078891520
806927640846159872
806898284514119680
806898149868634112
806897006136455168
806896875034918912
806887596550922245
806870804604526592
806870685146578944
806870569039831040
806864970906533888
806863931654410240
806863125425356800
806857028241129472
806856888688250880
806841538009567232
806840382399086592
806826930616016896
806798245741506562
806777724811390978
806724411881504768
806724104686444545
806723531497086976
806723069939068928
806751811822489600
806737244513939456
806706627931992064
806632906785431553
806530717912104965
806310510069043200
806159518077947904
805925475927392258
805917924317925380
805812228943446016
806620050744483840
806734655802077184
806728353575120896
806714658514173953
806712450603171841
806693148617490432
806372219756642304
806315199535939585
807436845441253376
807426749885726720
807323715700715520
807418935264088065
807404000219987969
807389795768905729
807375851390050304
807370876480004096